69.0,[105. 363.],[117. 394.]
107.0,[ 92. 127.],[ 83. 157.]
-71.0,[118. 367.],[125. 347.]
80.0,[107. 147.],[112. 174.]
-39.0,[136. 574.],[153. 560.]
82.0,[ 55. 219.],[ 60. 253.]
169.0,[152. 431.],[136. 434.]
47.0,[271. 149.],[293. 173.]
-153.0,[ 41. 367.],[ 13. 353.]
160.0,[152. 422.],[133. 429.]
118.0,[124. 538.],[108. 568.]
88.0,[201. 460.],[202. 490.]
-13.0,[92. 30.],[159.  14.]
-85.0,[157. 405.],[162. 347.]
-92.0,[153. 280.],[152. 245.]
37.0,[102.  90.],[129. 110.]
-136.0,[266.  94.],[235.  64.]
-59.0,[ 66. 461.],[ 89. 423.]
-58.0,[145. 326.],[181. 269.]
90.0,[ 26. 185.],[ 26. 253.]
-48.0,[173. 569.],[211. 527.]
71.0,[ 91. 469.],[104. 507.]
-45.0,[168. 491.],[191. 468.]
