-58.0,[145. 326.],[181. 269.],0
80.0,[107. 147.],[112. 174.],0
31.0,[ 51. 223.],[ 66. 232.],3
37.0,[102.  90.],[129. 110.],0
118.0,[ 30. 349.],[ 17. 373.],4
156.0,[29. 24.],[13. 31.],3
47.0,[271. 149.],[293. 173.],0
88.0,[201. 460.],[202. 490.],0
-17.0,[278. 193.],[342. 174.],2
24.0,[ 40. 207.],[ 65. 218.],4
174.0,[193. 185.],[144. 190.],3
-70.0,[120. 194.],[130. 167.],4
-78.0,[ 28. 579.],[ 42. 514.],6
23.0,[273. 494.],[296. 504.],3
-74.0,[ 32. 352.],[ 38. 331.],6
36.0,[179.  22.],[226.  56.],3
-24.0,[ 16. 480.],[ 32. 473.],1
125.0,[135. 321.],[123. 338.],4
139.0,[ 31. 416.],[ 17. 428.],3
54.0,[150.  94.],[165. 115.],4