-24.0,[ 16. 480.],[ 32. 473.],1
-74.0,[ 32. 352.],[ 38. 331.],6
-70.0,[120. 194.],[130. 167.],4
31.0,[ 51. 223.],[ 66. 232.],3
24.0,[ 40. 207.],[ 65. 218.],4
-141.0,[115. 303.],[ 98. 289.],3
-12.0,[ 70. 545.],[103. 538.],3
139.0,[ 31. 416.],[ 17. 428.],3
118.0,[ 30. 349.],[ 17. 373.],4
23.0,[273. 494.],[296. 504.],3
125.0,[135. 321.],[123. 338.],4
54.0,[150.  94.],[165. 115.],4
10.0,[ 41. 213.],[ 70. 218.],3
156.0,[29. 24.],[13. 31.],3
14.0,[170. 281.],[235. 297.],4
-17.0,[278. 193.],[342. 174.],2
-62.0,[ 49. 157.],[ 62. 133.],4
-28.0,[112. 590.],[162. 563.],3
36.0,[179.  22.],[226.  56.],3
18.0,[ 75. 569.],[128. 586.],3
174.0,[193. 185.],[144. 190.],3
-78.0,[ 28. 579.],[ 42. 514.],6